   14
C_chama    0.000000 0.476630 0.410932 0.435147 0.555954 0.604071 0.548837
 0.561565 0.510604 0.536488 0.570293 0.579914 0.580597 0.554943
G_chinen   0.476630 0.000000 0.414977 0.437850 0.519789 0.518669 0.472048
 0.471003 0.445459 0.471874 0.502383 0.560384 0.517032 0.509840
A_crist    0.410932 0.414977 0.000000 0.136954 0.482542 0.442970 0.438092
 0.455531 0.424539 0.433344 0.426749 0.488424 0.477776 0.443114
I_iguana   0.435147 0.437850 0.136954 0.000000 0.498523 0.457323 0.467317
 0.460561 0.449701 0.452786 0.457340 0.507348 0.460735 0.437137
M_muscul   0.555954 0.519789 0.482542 0.498523 0.000000 0.468448 0.403009
 0.399268 0.404392 0.418198 0.476599 0.460454 0.453480 0.448918
B_micro    0.604071 0.518669 0.442970 0.457323 0.468448 0.000000 0.354351
 0.370275 0.373622 0.379227 0.357196 0.380838 0.375233 0.355566
L_atifi    0.548837 0.472048 0.438092 0.467317 0.403009 0.354351 0.000000
 0.095680 0.200184 0.199065 0.399878 0.410465 0.414050 0.390258
S_salam    0.561565 0.471003 0.455531 0.460561 0.399268 0.370275 0.095680
 0.000000 0.200394 0.188705 0.404780 0.414575 0.422097 0.399433
P_brev     0.510604 0.445459 0.424539 0.449701 0.404392 0.373622 0.200184
 0.200394 0.000000 0.146872 0.395316 0.425456 0.402248 0.393421
T_carni    0.536488 0.471874 0.433344 0.452786 0.418198 0.379227 0.199065
 0.188705 0.146872 0.000000 0.397266 0.427649 0.423938 0.405769
L_boring   0.570293 0.502383 0.426749 0.457340 0.476599 0.357196 0.399878
 0.404780 0.395316 0.397266 0.000000 0.391143 0.384090 0.343228
H_marmo    0.579914 0.560384 0.488424 0.507348 0.460454 0.380838 0.410465
 0.414575 0.425456 0.427649 0.391143 0.000000 0.351448 0.343460
R_denny    0.580597 0.517032 0.477776 0.460735 0.453480 0.375233 0.414050
 0.422097 0.402248 0.423938 0.384090 0.351448 0.000000 0.121367
R_schleg   0.554943 0.509840 0.443114 0.437137 0.448918 0.355566 0.390258
 0.399433 0.393421 0.405769 0.343228 0.343460 0.121367 0.000000
