   14
C_chama    0.000000 0.477979 0.460286 0.426981 0.445819 0.473916 0.390645
 0.420163 0.483710 0.470725 0.445599 0.466932 0.454211 0.425401
H_marmo    0.477979 0.000000 0.416548 0.412276 0.456729 0.437863 0.465830
 0.482983 0.410223 0.404346 0.429168 0.391353 0.436306 0.451842
R_denny    0.460286 0.416548 0.000000 0.223596 0.462729 0.433987 0.434547
 0.441192 0.412302 0.374917 0.394879 0.380928 0.405270 0.422651
R_schleg   0.426981 0.412276 0.223596 0.000000 0.455509 0.412465 0.369454
 0.388112 0.367065 0.365237 0.378738 0.374903 0.393713 0.393039
G_chinen   0.445819 0.456729 0.462729 0.455509 0.000000 0.428407 0.349434
 0.351894 0.414014 0.395815 0.418539 0.409400 0.390730 0.417147
M_muscul   0.473916 0.437863 0.433987 0.412465 0.428407 0.000000 0.346033
 0.326286 0.393996 0.347040 0.384847 0.376524 0.364002 0.353716
A_crist    0.390645 0.465830 0.434547 0.369454 0.349434 0.346033 0.000000
 0.182061 0.376406 0.345578 0.364980 0.364223 0.377936 0.365891
I_iguana   0.420163 0.482983 0.441192 0.388112 0.351894 0.326286 0.182061
 0.000000 0.362611 0.365899 0.367761 0.374656 0.374176 0.373620
L_boring   0.483710 0.410223 0.412302 0.367065 0.414014 0.393996 0.376406
 0.362611 0.000000 0.353602 0.371468 0.345039 0.397978 0.390887
B_micro    0.470725 0.404346 0.374917 0.365237 0.395815 0.347040 0.345578
 0.365899 0.353602 0.000000 0.357546 0.368613 0.377937 0.344656
L_atifi    0.445599 0.429168 0.394879 0.378738 0.418539 0.384847 0.364980
 0.367761 0.371468 0.357546 0.000000 0.183609 0.294532 0.264861
S_salam    0.466932 0.391353 0.380928 0.374903 0.409400 0.376524 0.364223
 0.374656 0.345039 0.368613 0.183609 0.000000 0.302212 0.270429
P_brev     0.454211 0.436306 0.405270 0.393713 0.390730 0.364002 0.377936
 0.374176 0.397978 0.377937 0.294532 0.302212 0.000000 0.261675
T_carni    0.425401 0.451842 0.422651 0.393039 0.417147 0.353716 0.365891
 0.373620 0.390887 0.344656 0.264861 0.270429 0.261675 0.000000
